100; 2167; 2167; 13596390
100; 2293; 2295; 4179315
100; 2542; 2548; 4920318
100; 2602; 2607; 4679679
100; 2713; 2718; 4615912
100; 2550; 2555; 4085759
100; 2515; 2521; 3990341
100; 2509; 2510; 2909556
100; 2961; 2968; 2970530
100; 2892; 2901; 2881628
200; 10490; 10498; 5468625
200; 10200; 10204; 4385512
200; 10761; 10767; 4799301
200; 10361; 10365; 4866326
200; 10817; 10827; 5564974
200; 10495; 10496; 2002385
200; 10083; 10088; 1792930
200; 10362; 10365; 2906298
200; 10007; 10010; 3112494
200; 10074; 10077; 2207184
300; 22197; 22201; 4672232
300; 21566; 21571; 5667373
300; 22777; 22779; 6942253
300; 21860; 21867; 7794965
300; 21244; 21252; 6862195
300; 22661; 22664; 5624086
300; 22525; 22529; 4244479
300; 24539; 24543; 5167941
300; 24992; 24995; 7123780
300; 23139; 23149; 4379926
400; 40327; 40332; 9982136
400; 40160; 40167; 8197583
400; 40581; 40587; 10870688
400; 39318; 39329; 12696201
400; 39652; 39655; 9418936
400; 40915; 40921; 9672609
400; 39252; 39258; 6653206
400; 39753; 39760; 4160232
400; 39255; 39263; 5145134
400; 39514; 39518; 4215155
500; 61502; 61508; 7361161
500; 65348; 65356; 7057685
500; 59719; 59723; 13163516
500; 62415; 62421; 14620855
500; 65704; 65711; 15671385
500; 59647; 59651; 9867169
500; 59378; 59384; 6264551
500; 61912; 61918; 6453526
500; 61533; 61541; 6386035
500; 60872; 60876; 6582923
600; 90889; 90897; 9519474
600; 90661; 90672; 10139925
600; 86479; 86482; 9116856
600; 91980; 91984; 9431503
600; 90246; 90250; 9522267
600; 90382; 90386; 16346295
600; 92418; 92420; 21109755
600; 91644; 91648; 20866788
600; 89112; 89118; 24211078
600; 88248; 88255; 21181901
700; 117744; 117747; 12658499
700; 120346; 120351; 12287066
700; 123435; 123443; 13036913
700; 119909; 119918; 12436011
700; 124457; 124468; 12618935
700; 122705; 122714; 12854455
700; 123380; 123385; 13222629
700; 122594; 122605; 13929189
700; 123766; 123771; 13116506
700; 122378; 122386; 13302688
800; 156406; 156411; 16239240
800; 158955; 158960; 17965611
800; 154644; 154647; 41961183
800; 160473; 160479; 43647990
800; 161748; 161757; 40714231
800; 158559; 158571; 16398890
800; 157101; 157104; 16161974
800; 164424; 164430; 16674440
800; 161166; 161178; 16786149
800; 161607; 161611; 16555283
900; 202044; 202052; 20420417
900; 207868; 207879; 24352576
900; 203076; 203082; 20946846
900; 198966; 198972; 24272052
900; 203557; 203566; 26702190
900; 204196; 204200; 28804182
900; 202062; 202069; 23049770
900; 204847; 204855; 27129943
900; 199316; 199323; 21758134
900; 205231; 205237; 23205697
1000; 258050; 258058; 26671470
1000; 245612; 245620; 25793158
1000; 251600; 251603; 27436677
1000; 252609; 252613; 26944692
1000; 251594; 251599; 26553710
1000; 240767; 240769; 25100096
1000; 257360; 257367; 27953797
1000; 242038; 242045; 24977216
1000; 248022; 248029; 25638161
1000; 254273; 254278; 26136198
1100; 301989; 301995; 32076327
1100; 297875; 297884; 30505418
1100; 303499; 303507; 31382800
1100; 302696; 302706; 32671643
1100; 301612; 301615; 31704895
1100; 304313; 304321; 31602029
1100; 308124; 308127; 32656749
1100; 314224; 314231; 32255527
1100; 297769; 297773; 31143557
1100; 305000; 305003; 35302392
1200; 368512; 368518; 37932675
1200; 353466; 353471; 36966391
1200; 363269; 363272; 38527526
1200; 374467; 374474; 40237140
1200; 358930; 358936; 37130697
1200; 360164; 360170; 41293721
1200; 352890; 352899; 36980821
1200; 360113; 360124; 37996908
1200; 356291; 356301; 41271379
1200; 355175; 355182; 37714377
1300; 416617; 416625; 43532092
1300; 417815; 417818; 45823989
1300; 426938; 426944; 44775786
1300; 426170; 426177; 43703844
1300; 426294; 426305; 44183728
1300; 416333; 416338; 43417590
1300; 430097; 430104; 45485604
1300; 415795; 415802; 43398041
1300; 422917; 422923; 44980120
1300; 429801; 429806; 44968485
1400; 493547; 493557; 52250984
1400; 497457; 497463; 53731595
1400; 469842; 469846; 50667043
1400; 501940; 501946; 54525660
1400; 482467; 482478; 49947916
1400; 492518; 492529; 51216279
1400; 475657; 475662; 49395421
1400; 465841; 465852; 50163421
1400; 483545; 483556; 50921647
1400; 488774; 488782; 54460962
1500; 570720; 570732; 60701309
1500; 558795; 558802; 60503491
1500; 567657; 567667; 59695462
1500; 579191; 579202; 63070938
1500; 561178; 561186; 60957309
1500; 562860; 562870; 59307274
1500; 555204; 555216; 58957717
1500; 553250; 553260; 58626779
1500; 572845; 572855; 60745062
1500; 564672; 564681; 59530692
1600; 631308; 631314; 66889061
1600; 654184; 654193; 71570601
1600; 664265; 664272; 72562019
1600; 647013; 647023; 74773394
1600; 640946; 640951; 67020319
1600; 638626; 638633; 72686296
1600; 633173; 633178; 66959345
1600; 641443; 641450; 69468609
1600; 643003; 643008; 68473933
1600; 643129; 643134; 68361759
1700; 723439; 723450; 78623633
1700; 718082; 718088; 78936418
1700; 711887; 711894; 76020346
1700; 740612; 740622; 79130978
1700; 715198; 715212; 75427822
1700; 710785; 710789; 75528826
1700; 724915; 724921; 77628491
1700; 724918; 724921; 79159836
1700; 712261; 712273; 77398556
1700; 712570; 712575; 75395241
1800; 817450; 817458; 89096823
1800; 821586; 821597; 89429623
1800; 817845; 817851; 87921085
1800; 820757; 820759; 86458161
1800; 820836; 820843; 88656969
1800; 812822; 812829; 86513085
1800; 804960; 804965; 85480707
1800; 857587; 857591; 90366582
1800; 814236; 814243; 90352153
1800; 815569; 815578; 86951078
1900; 939669; 939677; 101786972
1900; 904156; 904160; 98509708
1900; 913230; 913236; 98089868
1900; 893199; 893205; 94785607
1900; 916607; 916614; 96799629
1900; 891519; 891525; 94491440
1900; 910088; 910096; 95960414
1900; 880786; 880796; 93346422
1900; 915039; 915047; 97488501
1900; 889935; 889942; 97509446
2000; 1016470; 1016478; 113436366
2000; 990366; 990374; 107297022
2000; 999866; 999871; 106991684
2000; 1030861; 1030870; 115499261
2000; 1008278; 1008281; 106961430
2000; 1007385; 1007391; 107600033
2000; 1030235; 1030246; 109843989
2000; 1000725; 1000735; 106514128
2000; 997234; 997241; 108301473
2000; 1019818; 1019829; 111216149
2100; 1102177; 1102186; 119697194
2100; 1104746; 1104756; 135517990
2100; 1113757; 1113768; 118074155
2100; 1106811; 1106818; 117279158
2100; 1099475; 1099484; 117084133
2100; 1124578; 1124584; 120343245
2100; 1103725; 1103729; 119018562
2100; 1095135; 1095142; 117211668
2100; 1103755; 1103757; 116776933
2100; 1133055; 1133066; 121677702
2200; 1187430; 1187435; 128207563
2200; 1213279; 1213285; 132667548
2200; 1227946; 1227953; 130271853
2200; 1178073; 1178075; 124625891
2200; 1204430; 1204435; 128646952
2200; 1213381; 1213388; 129884596
2200; 1219623; 1219631; 129088668
2200; 1217822; 1217828; 129486166
2200; 1176203; 1176212; 125329193
2200; 1196757; 1196765; 128111214
2300; 1316918; 1316928; 141877960
2300; 1342630; 1342641; 145177566
2300; 1352743; 1352750; 144461232
2300; 1346377; 1346385; 146485493
2300; 1299408; 1299418; 139215095
2300; 1316146; 1316157; 143125843
2300; 1337057; 1337065; 140841393
2300; 1286482; 1286488; 138513655
2300; 1312292; 1312297; 139646105
2300; 1318172; 1318179; 144765639
2400; 1407774; 1407777; 161458697
2400; 1480239; 1480245; 160622275
2400; 1436039; 1436046; 152084910
2400; 1428526; 1428537; 152863615
2400; 1440100; 1440110; 152912023
2400; 1458201; 1458212; 157328254
2400; 1448595; 1448601; 155869520
2400; 1438743; 1438753; 152894801
2400; 1440270; 1440276; 153958829
2400; 1455955; 1455966; 169578550
2500; 1586579; 1586584; 170637459
2500; 1517236; 1517243; 159321330
2500; 1553752; 1553764; 167907568
2500; 1599262; 1599268; 168127728
2500; 1565736; 1565747; 167023205
2500; 1587814; 1587821; 167766070
2500; 1568120; 1568124; 167360193
2500; 1547182; 1547190; 164050347
2500; 1568513; 1568520; 168819859
2500; 1571150; 1571154; 165887496
2600; 1697836; 1697845; 181760423
2600; 1694280; 1694288; 181866081
2600; 1645437; 1645447; 174285225
2600; 1743327; 1743335; 185038153
2600; 1665870; 1665881; 178342126
2600; 1698533; 1698541; 180672191
2600; 1626711; 1626721; 173145327
2600; 1654210; 1654219; 173770433
2600; 1686221; 1686227; 178388206
2600; 1684728; 1684735; 183656684
2700; 1840946; 1840958; 196796463
2700; 1803242; 1803249; 194216449
2700; 1787217; 1787229; 190247985
2700; 1830318; 1830328; 193556435
2700; 1828779; 1828788; 195279082
2700; 1865200; 1865209; 199946194
2700; 1852179; 1852184; 196042892
2700; 1861282; 1861284; 196456216
2700; 1816124; 1816130; 193741686
2700; 1846262; 1846269; 196421772
2800; 1932919; 1932926; 210497115
2800; 1945035; 1945047; 207247312
2800; 1971537; 1971550; 207993900
2800; 1923286; 1923289; 204583981
2800; 2006111; 2006117; 217734465
2800; 1971049; 1971055; 207260345
2800; 1957032; 1957043; 206637101
2800; 1976567; 1976577; 208935050
2800; 1964738; 1964744; 209337668
2800; 1969279; 1969284; 215147469
2900; 2101864; 2101870; 225866420
2900; 2140151; 2140163; 231242419
2900; 2123454; 2123459; 241810562
2900; 2113578; 2113586; 225214784
2900; 2070714; 2070728; 224206144
2900; 2150479; 2150490; 229957765
2900; 2118119; 2118126; 224233606
2900; 2073866; 2073875; 222092981
2900; 2110513; 2110522; 230736005
2900; 2071521; 2071527; 219785723
3000; 2248256; 2248261; 244653558
3000; 2267198; 2267203; 240804250
3000; 2261346; 2261351; 261448550
3000; 2227878; 2227885; 235132687
3000; 2272338; 2272345; 241405616
3000; 2248656; 2248661; 241950198
3000; 2256815; 2256823; 247327593
3000; 2261165; 2261169; 241042562
3000; 2254491; 2254499; 238440672
3000; 2197792; 2197801; 232693706
3100; 2414818; 2414829; 264521015
3100; 2444745; 2444755; 259239038
3100; 2434154; 2434164; 258713540
3100; 2414081; 2414089; 254452305
3100; 2367461; 2367473; 254920086
3100; 2421154; 2421164; 256409075
3100; 2423205; 2423210; 256111184
3100; 2404074; 2404081; 253493934
3100; 2472820; 2472828; 265578993
3100; 2392308; 2392313; 254135330
3200; 2578918; 2578931; 275946525
3200; 2558536; 2558547; 269235137
3200; 2557242; 2557246; 287519118
3200; 2563016; 2563025; 271043893
3200; 2545309; 2545319; 268288869
3200; 2555831; 2555843; 272351355
3200; 2532915; 2532921; 272570584
3200; 2546569; 2546575; 268416403
3200; 2530663; 2530668; 267962585
3200; 2562936; 2562949; 275692386
3300; 2801281; 2801289; 301755042
3300; 2683990; 2684004; 284030072
3300; 2715506; 2715515; 292414769
3300; 2741579; 2741594; 293020790
3300; 2746079; 2746088; 289892006
3300; 2781328; 2781333; 294439495
3300; 2766176; 2766178; 294659655
3300; 2700446; 2700459; 285580501
3300; 2686418; 2686425; 282907395
3300; 2733331; 2733340; 291455001
3400; 2901226; 2901229; 323016535
3400; 2890750; 2890762; 305168685
3400; 2936203; 2936207; 313022298
3400; 2883353; 2883358; 310374793
3400; 2917008; 2917017; 309084554
3400; 2868679; 2868686; 301874665
3400; 2871280; 2871288; 350612863
3400; 2872073; 2872081; 339633259
3400; 2852102; 2852108; 301651246
3400; 2869898; 2869906; 307167813
3500; 3130968; 3130980; 335520504
3500; 3113947; 3113954; 327534702
3500; 3038728; 3038739; 333263050
3500; 3080337; 3080348; 325790178
3500; 3032716; 3032724; 322316492
3500; 3003452; 3003464; 331881115
3500; 3087694; 3087704; 328272448
3500; 3047814; 3047825; 322775896
3500; 3046536; 3046545; 329006003
3500; 3040894; 3040905; 323468958
3600; 3236247; 3236258; 347477562
3600; 3272317; 3272326; 353962740
3600; 3167380; 3167387; 337630409
3600; 3211745; 3211755; 377716741
3600; 3228772; 3228777; 381096406
3600; 3186919; 3186925; 345923876
3600; 3259019; 3259026; 353601547
3600; 3250990; 3250997; 510230223
3600; 3202964; 3202971; 508843169
3600; 3256128; 3256134; 387987459
3700; 3433462; 3433469; 373814837
3700; 3412701; 3412709; 365148075
3700; 3463129; 3463135; 378909235
3700; 3393590; 3393597; 363969545
3700; 3425162; 3425170; 417569415
3700; 3443082; 3443088; 639779226
3700; 3464590; 3464597; 539534769
3700; 3380993; 3380999; 467735629
3700; 3399259; 3399268; 429908613
3700; 3395130; 3395135; 414643104
3800; 3675310; 3675316; 400256838
3800; 3638406; 3638409; 389484826
3800; 3665006; 3665012; 397024722
3800; 3620034; 3620046; 434788903
3800; 3581016; 3581019; 379922995
3800; 3590790; 3590796; 382916798
3800; 3578048; 3578056; 454397567
3800; 3554350; 3554357; 437520655
3800; 3684490; 3684497; 423086447
3800; 3584624; 3584626; 409138639
3900; 3838494; 3838502; 446248391
3900; 3767531; 3767536; 427194083
3900; 3867013; 3867027; 504769512
3900; 3800417; 3800432; 671138753
3900; 3783408; 3783418; 834436461
3900; 3813499; 3813511; 637706092
3900; 3805234; 3805243; 457295021
3900; 3735440; 3735447; 559502764
3900; 3824324; 3824329; 682519114
3900; 3809101; 3809108; 685494764
4000; 3986959; 3986969; 688082225
4000; 3967375; 3967385; 604830114
4000; 4004168; 4004182; 630135940
4000; 3987941; 3987953; 505639446
4000; 4014391; 4014403; 491348598
4000; 3992459; 3992465; 459331850
4000; 4003068; 4003075; 488601952
4000; 4008494; 4008503; 471014755
4000; 4001810; 4001817; 455879574
4000; 3973460; 3973467; 455953581
4100; 4226480; 4226487; 490101180
4100; 4183904; 4183910; 569104158
4100; 4249882; 4249887; 545997138
4100; 4177978; 4177985; 603826128
4100; 4252475; 4252480; 545918012
4100; 4230633; 4230644; 769636825
4100; 4208626; 4208632; 920553910
4100; 4222300; 4222310; 912857621
4100; 4253789; 4253798; 839508517
4100; 4234170; 4234174; 876116509
4200; 4435284; 4435297; 969246029
4200; 4415241; 4415251; 779303848
4200; 4351378; 4351385; 685265295
4200; 4429271; 4429276; 851758347
4200; 4525087; 4525093; 676420730
4200; 4459073; 4459087; 631937249
4200; 4377080; 4377090; 1040558303
4200; 4422050; 4422059; 1110540774
4200; 4387340; 4387347; 1215581739
4200; 4413426; 4413439; 878592261
4300; 4590683; 4590689; 925594316
4300; 4633003; 4633013; 952970483
4300; 4656542; 4656544; 621433804
4300; 4632182; 4632195; 556006271
4300; 4671422; 4671431; 634307343
4300; 4585490; 4585497; 654849709
4300; 4643737; 4643744; 524999558
4300; 4608209; 4608214; 634012245
4300; 4542896; 4542901; 544648252
4300; 4700386; 4700393; 683863346
4400; 4811335; 4811342; 906157869
4400; 4941274; 4941285; 702384709
4400; 4847087; 4847090; 780524735
4400; 4895449; 4895456; 828827734
4400; 4877048; 4877053; 569910791
4400; 4763584; 4763594; 584727603
4400; 4794481; 4794488; 584398526
4400; 4881099; 4881102; 850970333
4400; 4793641; 4793647; 873022633
4400; 4852484; 4852493; 800892556
4500; 5120289; 5120293; 1092794859
4500; 5069554; 5069563; 1279312226
4500; 5067219; 5067225; 1150663878
4500; 5062089; 5062094; 702651880
4500; 4996024; 4996036; 639587924
4500; 5070191; 5070201; 573458020
4500; 5093905; 5093914; 580742381
4500; 4991460; 4991471; 576730163
4500; 5147207; 5147217; 591786684
4500; 5149467; 5149475; 658680865
4600; 5273237; 5273245; 701272273
4600; 5227498; 5227508; 776927702
4600; 5265075; 5265083; 1105833634
4600; 5261542; 5261547; 1120164510
4600; 5254687; 5254695; 1044105997
4600; 5258103; 5258113; 1115778533
4600; 5241579; 5241582; 1278580997
4600; 5366550; 5366560; 1246956626
4600; 5249254; 5249260; 1256299693
4600; 5411617; 5411629; 1180706634
4700; 5529026; 5529033; 745168816
4700; 5560874; 5560882; 751364480
4700; 5608257; 5608262; 670961880
4700; 5560368; 5560377; 694091707
4700; 5468259; 5468263; 617773005
4700; 5387283; 5387292; 624341033
4700; 5431956; 5431967; 818555155
4700; 5566488; 5566495; 760176463
4700; 5484154; 5484165; 776077783
4700; 5593246; 5593248; 839137084
4800; 5777057; 5777064; 865893267
4800; 5851811; 5851819; 977859729
4800; 5839738; 5839743; 943110297
4800; 5818789; 5818802; 991961602
4800; 5859041; 5859049; 1153319296
4800; 5867297; 5867310; 754053410
4800; 5834536; 5834546; 890422251
4800; 5868700; 5868708; 1028730641
4800; 5702285; 5702294; 817995213
4800; 5791127; 5791135; 733943451
4900; 6092561; 6092569; 778243077
4900; 5890278; 5890284; 662706115
4900; 5893986; 5893998; 783806188
4900; 6132545; 6132556; 1044664542
4900; 5971865; 5971877; 1129280901
4900; 6061082; 6061089; 1134510282
4900; 6044652; 6044662; 983811961
4900; 5980496; 5980509; 698343634
4900; 6045824; 6045833; 674957807
4900; 5958520; 5958531; 829768883
5000; 6332545; 6332547; 745995462
5000; 6261868; 6261878; 717997913
5000; 6177534; 6177546; 700083037
5000; 6167949; 6167962; 692887577
5000; 6224066; 6224075; 707864505
5000; 6197584; 6197592; 706347588
5000; 6293452; 6293461; 704789712
5000; 6245526; 6245534; 696897467
5000; 6288933; 6288941; 702910672
5000; 6356508; 6356518; 718723557
5100; 6577028; 6577032; 734704469
5100; 6544362; 6544369; 737233283
5100; 6498645; 6498657; 729159976
5100; 6528276; 6528285; 733524542
5100; 6485477; 6485484; 725191977
5100; 6606265; 6606270; 737398519
5100; 6485268; 6485277; 725795206
5100; 6597008; 6597014; 729612863
5100; 6549363; 6549372; 730744383
5100; 6490023; 6490032; 755728580
5200; 6650306; 6650315; 748856146
5200; 6740526; 6740534; 748068131
5200; 6791012; 6791024; 768558366
5200; 6811542; 6811547; 760877903
5200; 6668527; 6668534; 750421003
5200; 6737063; 6737075; 749511506
5200; 6742075; 6742087; 759863213
5200; 6881225; 6881233; 835554947
5200; 6759173; 6759183; 754248901
5200; 6878321; 6878324; 770043166
5300; 7050162; 7050168; 789983234
5300; 6986347; 6986355; 786795337
5300; 7065505; 7065515; 794111815
5300; 7013824; 7013828; 826848622
5300; 7049189; 7049199; 1085775805
5300; 7005676; 7005683; 920422651
5300; 7001828; 7001831; 889765029
5300; 7027757; 7027764; 864636075
5300; 7036533; 7036541; 1168432135
5300; 7103860; 7103868; 1729895394
5400; 7342419; 7342426; 2059064306
5400; 7420625; 7420632; 2202600215
5400; 7250613; 7250621; 1685667448
5400; 7366938; 7366946; 1562296888
5400; 7425184; 7425189; 1600605649
5400; 7400982; 7400998; 1246672233
5400; 7244227; 7244239; 1416174448
5400; 7286244; 7286249; 1591563731
5400; 7225199; 7225206; 998705106
5400; 7171330; 7171341; 1295475597
5500; 7746050; 7746058; 934958328
5500; 7530543; 7530553; 1451586688
5500; 7607232; 7607242; 1062661804
5500; 7607398; 7607406; 1419434492
5500; 7629853; 7629862; 1628868973
5500; 7559080; 7559087; 1555043245
5500; 7586277; 7586283; 1378571781
5500; 7473713; 7473723; 1560762749
5500; 7539732; 7539739; 1443055839
5500; 7558119; 7558123; 1361467261
5600; 7966332; 7966344; 1113015596
5600; 7810670; 7810678; 892714614
5600; 7859743; 7859754; 1055925282
5600; 7805596; 7805599; 1064655811
5600; 7829914; 7829928; 955994542
5600; 7739761; 7739768; 889701262
5600; 7905930; 7905938; 893407210
5600; 7892289; 7892299; 956311050
5600; 7755368; 7755378; 1244353339
5600; 8005710; 8005716; 1247793514
5700; 7966851; 7966859; 1401130031
5700; 7999687; 7999697; 1058126881
5700; 8122533; 8122548; 1123385921
5700; 8158941; 8158953; 1243584874
5700; 8093281; 8093288; 1325407110
5700; 8199599; 8199611; 1012885641
5700; 8110812; 8110819; 1271154206
5700; 8094283; 8094290; 1482014840
5700; 8076240; 8076244; 1463159747
5700; 8289073; 8289081; 1841905608
5800; 8411905; 8411915; 1672446680
5800; 8453969; 8453974; 1465016910
5800; 8486002; 8486012; 1155545098
5800; 8373542; 8373546; 1084152766
5800; 8423169; 8423181; 1052164410
5800; 8423317; 8423330; 1178854125
5800; 8357644; 8357649; 1279371804
5800; 8481843; 8481850; 1315022821
5800; 8533214; 8533219; 1200466572
5800; 8494477; 8494485; 1100173708
5900; 8591554; 8591565; 996242852
5900; 8728254; 8728268; 980201896
5900; 8674647; 8674654; 1012498383
5900; 8754163; 8754175; 1002764799
5900; 8651580; 8651586; 963288677
5900; 8676282; 8676291; 956291501
5900; 8765151; 8765161; 972636864
5900; 8673909; 8673919; 962843238
5900; 8792647; 8792651; 994479245
5900; 8772529; 8772534; 969182727
6000; 9060702; 9060712; 1147294453
6000; 9009324; 9009333; 1207469334
6000; 8980968; 8980973; 1254258676
6000; 9071276; 9071282; 1321649961
6000; 9126153; 9126158; 1740597588
6000; 8922127; 8922133; 1410017883
6000; 8900010; 8900017; 1144375123
6000; 9050688; 9050701; 1434725600
6000; 8899251; 8899260; 1434235943
6000; 8891950; 8891959; 1271751850
6100; 9283871; 9283878; 1349888151
6100; 9325874; 9325886; 1697442049
6100; 9270852; 9270859; 2372256961
6100; 9309245; 9309252; 2008233424
6100; 9304496; 9304503; 1272325755
6100; 9237014; 9237024; 1809536976
6100; 9299007; 9299015; 1791986085
6100; 9244531; 9244542; 1897124330
6100; 9288520; 9288526; 1284795744
6100; 9342519; 9342526; 1154071469
6200; 9550069; 9550074; 1240031595
6200; 9433825; 9433829; 1494552321
6200; 9770451; 9770462; 1379081453
6200; 9635371; 9635379; 1326921698
6200; 9655232; 9655243; 1708122831
6200; 9657919; 9657925; 1389428971
6200; 9611912; 9611917; 1532454277
6200; 9588528; 9588540; 1115210679
6200; 9646140; 9646148; 1337975776
6200; 9511702; 9511709; 1567046384
6300; 10043804; 10043812; 1354305779
6300; 9916958; 9916964; 1151368110
6300; 9791629; 9791638; 1406432953
6300; 9934772; 9934781; 1301081995
6300; 9943093; 9943103; 1510727328
6300; 10126220; 10126230; 1283873679
6300; 10000085; 10000094; 1335249609
6300; 9983570; 9983581; 1244251405
6300; 9980137; 9980147; 1460052373
6300; 10133788; 10133795; 1418033009
6400; 10328026; 10328033; 1820028318
6400; 10299092; 10299097; 1589373768
6400; 10264939; 10264947; 1951804520
6400; 10250108; 10250118; 1830337203
6400; 10167539; 10167545; 1949355764
6400; 10223205; 10223211; 1957275007
6400; 10030110; 10030118; 1291762666
6400; 10453513; 10453516; 1227866012
6400; 10181077; 10181086; 1411346289
6400; 10118848; 10118860; 1574162717
6500; 10532962; 10532969; 1200858019
6500; 10508310; 10508319; 1225434479
6500; 10620926; 10620935; 1824306310
6500; 10617198; 10617205; 1460436373
6500; 10665981; 10665989; 1343549592
6500; 10519550; 10519561; 1179903725
6500; 10569790; 10569797; 1335662468
6500; 10473595; 10473609; 2088783107
6500; 10529568; 10529575; 1913101984
6500; 10583317; 10583329; 1758445904
6600; 10887790; 10887794; 2282144982
6600; 10871860; 10871873; 2123573033
6600; 10997560; 10997565; 1791684470
6600; 10852603; 10852616; 1267165727
6600; 10946718; 10946726; 1647721274
6600; 10812710; 10812723; 1656007295
6600; 10974460; 10974469; 1721495803
6600; 10996833; 10996843; 1510256288
6600; 10758399; 10758411; 1546727902
6600; 10978474; 10978483; 1759830165
6700; 11247832; 11247846; 1625115083
6700; 11185448; 11185454; 1676655319
6700; 11142953; 11142963; 1404662829
6700; 11254131; 11254146; 1309478794
6700; 11113101; 11113111; 1399634060
6700; 11163624; 11163632; 1574306543
6700; 11137074; 11137084; 2541882056
6700; 11150867; 11150877; 2700523823
6700; 11409500; 11409510; 2521581261
6700; 11192443; 11192451; 1821998122
6800; 11519959; 11519966; 1954513931
6800; 11561538; 11561547; 1879444973
6800; 11511120; 11511128; 1903290669
6800; 11372588; 11372594; 1426931100
6800; 11455471; 11455478; 2052571682
6800; 11594410; 11594416; 2766094250
6800; 11629555; 11629560; 2183805630
6800; 11535413; 11535424; 1337457260
6800; 11432853; 11432865; 1376059258
6800; 11498015; 11498022; 1677069574
6900; 11981268; 11981281; 2575223022
6900; 11941023; 11941039; 2409728836
6900; 11949870; 11949876; 2131983329
6900; 11831017; 11831025; 1616004278
6900; 11943745; 11943756; 2263065073
6900; 11832089; 11832100; 1330938105
6900; 11878032; 11878040; 1584971500
6900; 11947650; 11947657; 1889163662
6900; 11904831; 11904839; 1870868510
6900; 11877208; 11877218; 1754095767
7000; 12311648; 12311656; 1592489985
7000; 12469429; 12469444; 1613953020
7000; 12026568; 12026576; 2187997512
7000; 12279604; 12279615; 3149847936
7000; 12308033; 12308044; 2032289970
7000; 12111059; 12111066; 1703975167
7000; 12285692; 12285702; 1728199743
7000; 12186992; 12186999; 2278151848
7000; 12102266; 12102275; 2224002741
7000; 12031400; 12031407; 1703190876
7100; 12584373; 12584380; 1451229684
7100; 12679086; 12679092; 1474496820
7100; 12613610; 12613619; 1440305934
7100; 12612930; 12612941; 1509579983
7100; 12648774; 12648782; 1468451964
7100; 12605515; 12605524; 1463621012
7100; 12573691; 12573697; 1475187555
7100; 12642539; 12642548; 1443880158
7100; 12519125; 12519134; 1449768623
7100; 12465530; 12465540; 1435825935
7200; 12897911; 12897920; 1547959959
7200; 13018537; 13018541; 1592395033
7200; 12851901; 12851912; 2691573133
7200; 12998523; 12998533; 3027213725
7200; 12940701; 12940712; 2904529709
7200; 12713322; 12713332; 2376965032
7200; 12725446; 12725458; 1476468020
7200; 12970759; 12970767; 1566681469
7200; 12888764; 12888773; 2087895019
7200; 12851916; 12851922; 2344408356
7300; 13306626; 13306639; 2541532500
7300; 13292040; 13292053; 2519690119
7300; 13379750; 13379758; 2406969621
7300; 13433479; 13433490; 2283161534
7300; 13487087; 13487098; 1993003755
7300; 13214118; 13214131; 2064244815
7300; 13571640; 13571648; 1763129772
7300; 13312563; 13312573; 1912543904
7300; 13393568; 13393575; 1667432805
7300; 13361016; 13361026; 1682236583
7400; 13500391; 13500403; 1538534042
7400; 13762362; 13762366; 1818211649
7400; 13628814; 13628821; 1921577909
7400; 13735068; 13735073; 1843691091
7400; 13776321; 13776329; 2030858233
7400; 13923223; 13923227; 1611074185
7400; 13765606; 13765612; 1565684000
7400; 13719066; 13719074; 1669418433
7400; 13611128; 13611136; 1960465231
7400; 13836884; 13836891; 1871641629
7500; 14091686; 14091697; 1858554913
7500; 14041649; 14041653; 1838414700
7500; 14009486; 14009497; 2027951935
7500; 14078312; 14078318; 2486081981
7500; 14116656; 14116666; 1979300311
7500; 14029982; 14029992; 1711888823
7500; 13984452; 13984460; 1710267180
7500; 14039179; 14039191; 1634781176
7500; 14162424; 14162431; 2077239837
7500; 14136409; 14136413; 2294445546
7600; 14582772; 14582782; 2733030695
7600; 14313217; 14313222; 2003210705
7600; 14407782; 14407790; 1790005110
7600; 14396671; 14396677; 1605221096
7600; 14494041; 14494047; 1654795251
7600; 14349648; 14349658; 1875345716
7600; 14607243; 14607250; 1652428416
7600; 14384914; 14384926; 1645892039
7600; 14400159; 14400166; 1676825210
7600; 14766532; 14766538; 1683614794
7700; 14716634; 14716643; 1666809561
7700; 14947095; 14947100; 1705773218
7700; 14910981; 14910992; 1718590437
7700; 14868059; 14868070; 1719155963
7700; 14810164; 14810174; 1783165723
7700; 14768996; 14769006; 1680858372
7700; 14530277; 14530280; 1683454677
7700; 14805875; 14805884; 1684995331
7700; 14821734; 14821742; 1707317595
7700; 14654511; 14654522; 1652958568
7800; 15140865; 15140873; 1722513752
7800; 15192287; 15192294; 1755846806
7800; 15254862; 15254879; 1746927768
7800; 15166778; 15166786; 1743806896
7800; 15303534; 15303547; 1749015796
7800; 15182551; 15182563; 1717493361
7800; 15314299; 15314306; 1969564400
7800; 15214441; 15214452; 1928531798
7800; 15242641; 15242651; 2355919510
7800; 15290603; 15290610; 2200909684
7900; 15605275; 15605283; 2143897566
7900; 15600091; 15600098; 1993923492
7900; 15625607; 15625617; 2059534880
7900; 15570958; 15570968; 1762243546
7900; 15517941; 15517951; 1746234707
7900; 15522742; 15522750; 1755432552
7900; 15559519; 15559530; 1750282298
7900; 15531319; 15531324; 1759945598
7900; 15943549; 15943557; 1802486271
7900; 15682508; 15682519; 1773037900
8000; 16222837; 16222847; 1824629801
8000; 15925924; 15925935; 1793521153
8000; 15960560; 15960569; 1798077487
8000; 15895911; 15895922; 1796618752
8000; 15969215; 15969222; 1802292642
8000; 15944878; 15944890; 1801907246
8000; 15979667; 15979673; 1803281733
8000; 15729058; 15729069; 1815772668
8000; 16100758; 16100766; 1817941220
8000; 16057945; 16057953; 1811032015
8100; 16464604; 16464611; 1858635902
8100; 16366167; 16366178; 1838989070
8100; 16387235; 16387244; 1841783659
8100; 16547274; 16547282; 1867409718
8100; 16119677; 16119691; 1822233641
8100; 16305829; 16305841; 1842854203
8100; 16510402; 16510411; 1856502725
8100; 16447809; 16447812; 1852729751
8100; 16503704; 16503716; 1862738883
8100; 16609941; 16609950; 1921675189
8200; 16947129; 16947136; 2165801386
8200; 16674671; 16674682; 2803836089
8200; 16720674; 16720686; 2360669938
8200; 17004549; 17004557; 1924697384
8200; 16721166; 16721177; 1919279961
8200; 16973690; 16973697; 1926389312
8200; 16899197; 16899212; 1930285166
8200; 16724077; 16724089; 1895392374
8200; 16833488; 16833496; 1912838071
8200; 16885805; 16885812; 1926278999
8300; 17248946; 17248954; 1976327918
8300; 17261089; 17261096; 1958093741
8300; 16979892; 16979903; 1949421859
8300; 17157913; 17157923; 1955536534
8300; 17229125; 17229134; 1962556984
8300; 17194981; 17194990; 1960473144
8300; 16926067; 16926076; 1941083708
8300; 17111489; 17111497; 1936906720
8300; 17350817; 17350823; 2144533842
8300; 17393367; 17393378; 2177527115
8400; 17780692; 17780699; 2023788910
8400; 17585027; 17585035; 2958871980
8400; 17681454; 17681464; 3334513261
8400; 17649375; 17649382; 2367136962
8400; 17611751; 17611764; 2535992661
8400; 17774960; 17774962; 2124791127
8400; 17460101; 17460115; 2486642388
8400; 17679557; 17679569; 2167356005
8400; 17716889; 17716897; 3469987964
8400; 17597356; 17597366; 3970182058
8500; 18094485; 18094495; 2521698555
8500; 18267029; 18267038; 3179015173
8500; 18042646; 18042656; 2325623546
8500; 18102849; 18102860; 2407619861
8500; 18222831; 18222840; 2257041162
8500; 18075363; 18075368; 2152879906
8500; 18099085; 18099093; 2179598853
8500; 18055250; 18055261; 2111063945
8500; 18140962; 18140971; 2090925128
8500; 18120084; 18120094; 2073531561
8600; 18603994; 18603999; 2474501475
8600; 18530069; 18530083; 2243343303
8600; 18828678; 18828692; 2372546008
8600; 18548226; 18548231; 2210356547
8600; 18612371; 18612381; 2205655923
8600; 18508097; 18508105; 2731345284
8600; 18328967; 18328971; 2420334681
8600; 18495975; 18495985; 2254038981
8600; 18597734; 18597741; 2286959177
8600; 18576335; 18576339; 2138730557
8700; 18976126; 18976134; 2604441460
8700; 18593035; 18593045; 2923743203
8700; 19013717; 19013725; 2183503085
8700; 18868708; 18868717; 2137016288
8700; 18918509; 18918517; 2260970062
8700; 18948761; 18948768; 2249643229
8700; 18811065; 18811076; 2130542748
8700; 18637065; 18637076; 2109234709
8700; 18891181; 18891194; 2161710042
8700; 18995611; 18995622; 2183631550
8800; 19290029; 19290039; 2277651484
8800; 19357494; 19357504; 2214568444
8800; 19345739; 19345752; 2198482340
8800; 19167908; 19167920; 2160879206
8800; 19118672; 19118681; 2151620852
8800; 19747013; 19747019; 2250716102
8800; 19361065; 19361075; 2190293133
8800; 19556422; 19556430; 2227727307
8800; 19335871; 19335881; 2206122774
8800; 19491838; 19491852; 2270873071
8900; 19887797; 19887809; 2488581937
8900; 20045861; 20045876; 2284751061
8900; 19838701; 19838709; 2283550189
8900; 19967087; 19967093; 2266812912
8900; 19669782; 19669792; 2288553358
8900; 19965150; 19965164; 2325440623
8900; 20063060; 20063069; 2294898433
8900; 19668397; 19668406; 2263864724
8900; 19982865; 19982873; 2433579651
8900; 19722532; 19722539; 2258060042
9000; 20140433; 20140444; 2278869579
9000; 20203065; 20203073; 2516627429
9000; 20394443; 20394456; 2862644861
9000; 20190372; 20190385; 2331587880
9000; 20241945; 20241952; 2346126349
9000; 20567695; 20567709; 2381041947
9000; 20075126; 20075136; 2332246497
9000; 20196470; 20196481; 2364459203
9000; 20333014; 20333021; 2875500247
9000; 20562678; 20562686; 2253266326
9100; 20848765; 20848775; 2414705474
9100; 20706705; 20706719; 2544384804
9100; 20744618; 20744623; 2398274467
9100; 20728681; 20728693; 2289995802
9100; 20858092; 20858096; 2258039097
9100; 20855366; 20855374; 2243025398
9100; 20670353; 20670364; 2256822398
9100; 20766377; 20766385; 2237917501
9100; 20867381; 20867389; 2247767914
9100; 20831564; 20831572; 2240927129
9200; 20980831; 20980843; 2269570265
9200; 21151528; 21151539; 2302873064
9200; 21031568; 21031576; 2261331721
9200; 21244295; 21244305; 2274544576
9200; 21101152; 21101162; 2269742483
9200; 21290270; 21290276; 2294862128
9200; 21230853; 21230860; 2285309141
9200; 21197011; 21197019; 2280952953
9200; 21172671; 21172680; 2285974275
9200; 21099845; 21099855; 2267338876
9300; 21202625; 21202633; 2271444184
9300; 21776012; 21776022; 2370527332
9300; 21472955; 21472967; 2306594838
9300; 21626095; 21626110; 2360176556
9300; 21516189; 21516198; 2312238473
9300; 21751634; 21751645; 2335244024
9300; 21665703; 21665712; 2328490280
9300; 21568579; 21568589; 2323854354
9300; 21585492; 21585504; 2322580870
9300; 21603027; 21603034; 2347018159
9400; 22078814; 22078819; 2396345624
9400; 22277416; 22277425; 2399830482
9400; 22391987; 22391992; 2431060613
9400; 22053406; 22053422; 2354375598
9400; 22063732; 22063739; 2367148598
9400; 22031340; 22031347; 2390237931
9400; 21993286; 21993294; 2355389823
9400; 22063490; 22063497; 2360747204
9400; 21985767; 21985775; 2366484860
9400; 22000246; 22000255; 2369132365
9500; 22811530; 22811535; 2459896445
9500; 22702777; 22702786; 2445869976
9500; 22488533; 22488542; 2412606740
9500; 22642389; 22642399; 2444930689
9500; 22456845; 22456855; 2419834782
9500; 22468263; 22468272; 2428037486
9500; 22741381; 22741393; 2445972376
9500; 22634013; 22634020; 2840708459
9500; 22548323; 22548332; 2556636962
9500; 22605066; 22605077; 2594316429
9600; 22854307; 22854316; 2657362698
9600; 23193228; 23193237; 2615913980
9600; 23033918; 23033931; 2546940149
9600; 23007444; 23007457; 2646671675
9600; 23220643; 23220649; 2786009650
9600; 23236857; 23236870; 2746572161
9600; 22864686; 22864692; 2558510415
9600; 22796067; 22796078; 2595372545
9600; 23176737; 23176744; 2641149058
9600; 22851137; 22851149; 2661991643
9700; 23533915; 23533925; 2543523713
9700; 23822237; 23822245; 2561366443
9700; 23475004; 23475012; 2509554849
9700; 23522434; 23522442; 2532751236
9700; 23397056; 23397066; 2513738353
9700; 23464081; 23464097; 2541268587
9700; 23775855; 23775867; 2547443305
9700; 23575384; 23575390; 2537556588
9700; 23262342; 23262353; 2495377572
9700; 23490786; 23490794; 2535322406
9800; 24411641; 24411647; 2664125285
9800; 23890387; 23890392; 2559255143
9800; 24064716; 24064724; 2599146915
9800; 24128900; 24128908; 2593731352
9800; 23999050; 23999055; 2577444636
9800; 23964639; 23964649; 2595983687
9800; 24077182; 24077191; 2649800459
9800; 24291873; 24291892; 2682796524
9800; 23729864; 23729877; 2547197545
9800; 23787833; 23787841; 2565078443
9900; 24670530; 24670543; 2650398569
9900; 24627604; 24627616; 2630861118
9900; 24444926; 24444934; 2681830242
9900; 24507745; 24507754; 2643033683
9900; 24210467; 24210481; 2599592355
9900; 24202112; 24202122; 2968784298
9900; 24279715; 24279727; 3162439875
9900; 24387576; 24387588; 2797966708
9900; 24388429; 24388439; 2625283578
9900; 24334862; 24334874; 2734967451
10000; 25201106; 25201113; 2704919109
10000; 25242092; 25242104; 2709986976
10000; 25029426; 25029438; 2676133544
10000; 25074722; 25074729; 2698548433
10000; 24803950; 24803955; 2677862242
10000; 24819477; 24819485; 2672488571
10000; 24799555; 24799567; 2694231809
10000; 24824528; 24824533; 2672111087
10000; 25032896; 25032901; 2714719717
10000; 25295523; 25295532; 2710959311
