100; 2474; 99; 5217744
100; 2617; 99; 4064813
100; 2465; 99; 3099926
100; 2450; 99; 3068276
100; 2731; 99; 3941003
100; 2679; 99; 1773847
100; 2653; 99; 1824581
100; 2716; 99; 1992610
100; 2666; 99; 2064290
100; 2447; 99; 1711476
200; 10172; 199; 7712114
200; 9529; 199; 4292886
200; 10635; 199; 4621963
200; 10599; 199; 5261497
200; 10166; 199; 3828828
200; 9883; 199; 1843665
200; 9563; 199; 1666793
200; 10351; 199; 1883228
200; 10508; 199; 1926982
200; 9345; 199; 1794792
300; 22640; 299; 4333846
300; 23896; 299; 6358573
300; 22550; 299; 4219810
300; 24046; 299; 4596362
300; 23048; 299; 9538558
300; 22877; 299; 8566223
300; 21055; 299; 4258908
300; 23414; 299; 3751097
300; 21428; 299; 6127242
300; 22425; 299; 3577948
400; 38951; 399; 6168667
400; 39506; 399; 10895823
400; 41361; 399; 15713742
400; 41901; 399; 11838369
400; 41628; 399; 5345745
400; 42184; 399; 5432319
400; 41029; 399; 5259636
400; 43695; 399; 6710456
400; 40103; 399; 5723227
400; 38445; 399; 5258705
500; 63608; 499; 7975096
500; 66151; 499; 12441597
500; 64050; 499; 17638861
500; 62875; 499; 16973727
500; 62591; 499; 12638019
500; 62703; 499; 7713045
500; 64982; 499; 8082151
500; 59521; 499; 7212682
500; 61786; 499; 9099169
500; 62089; 499; 8584841
600; 94835; 599; 12339663
600; 90344; 599; 11776462
600; 89838; 599; 11298441
600; 93039; 599; 12852594
600; 88473; 599; 23309958
600; 89548; 599; 24901812
600; 88125; 599; 24002554
600; 89940; 599; 24773812
600; 88065; 599; 14625975
600; 92245; 599; 12236798
700; 125025; 699; 16086105
700; 121723; 699; 15298557
700; 118840; 699; 15620651
700; 119888; 699; 14942949
700; 118658; 699; 15870135
700; 121197; 699; 15214309
700; 122011; 699; 16127065
700; 125683; 699; 15831967
700; 123611; 699; 15349756
700; 124408; 699; 16045146
800; 167217; 799; 35797170
800; 160754; 799; 49804090
800; 166552; 799; 59546983
800; 165869; 799; 26733841
800; 160095; 799; 20758803
800; 165115; 799; 24322787
800; 171115; 799; 22597347
800; 158294; 799; 21673421
800; 159159; 799; 23348126
800; 156870; 799; 21702744
900; 202492; 899; 27212793
900; 206732; 899; 27986845
900; 199202; 899; 31285985
900; 204830; 899; 32575294
900; 200963; 899; 33077520
900; 203063; 899; 36059686
900; 200868; 899; 26134336
900; 207907; 899; 26859049
900; 197284; 899; 26751994
900; 208161; 899; 27094103
1000; 255643; 999; 35580268
1000; 246640; 999; 33502480
1000; 257087; 999; 32796850
1000; 251862; 999; 31535469
1000; 253663; 999; 32654887
1000; 253931; 999; 32247149
1000; 245418; 999; 31891541
1000; 255011; 999; 34269083
1000; 256416; 999; 32586000
1000; 256053; 999; 34683803
1100; 315469; 1099; 40579249
1100; 306126; 1099; 40504311
1100; 301669; 1099; 40871554
1100; 300745; 1099; 39489154
1100; 305527; 1099; 39390944
1100; 291383; 1099; 38311089
1100; 293685; 1099; 38564297
1100; 297802; 1099; 38040194
1100; 303878; 1099; 39132616
1100; 296785; 1099; 37878217
1200; 368901; 1199; 47225007
1200; 358123; 1199; 46657153
1200; 364850; 1199; 46241502
1200; 380487; 1199; 49395886
1200; 364798; 1199; 46841007
1200; 340509; 1199; 44927524
1200; 367733; 1199; 48153123
1200; 375970; 1199; 48292295
1200; 354769; 1199; 45521444
1200; 363774; 1199; 48013487
1300; 431510; 1299; 54263143
1300; 424330; 1299; 57058198
1300; 398793; 1299; 51307509
1300; 417005; 1299; 52621486
1300; 419776; 1299; 53916380
1300; 419208; 1299; 52989660
1300; 432514; 1299; 56543870
1300; 428193; 1299; 59942619
1300; 417608; 1299; 63973455
1300; 424865; 1299; 70876143
1400; 489800; 1399; 69059475
1400; 503154; 1399; 65561120
1400; 488728; 1399; 63341367
1400; 494588; 1399; 62443040
1400; 499947; 1399; 81173392
1400; 488210; 1399; 63375811
1400; 496355; 1399; 64307651
1400; 485040; 1399; 63810080
1400; 496153; 1399; 62212640
1400; 488688; 1399; 63277135
1500; 561024; 1499; 80017669
1500; 571537; 1499; 83125508
1500; 562020; 1499; 79260839
1500; 572589; 1499; 74633757
1500; 575374; 1499; 75424564
1500; 562159; 1499; 75940753
1500; 568608; 1499; 75288186
1500; 558961; 1499; 73861568
1500; 545892; 1499; 73983983
1500; 559570; 1499; 74640273
1600; 630157; 1599; 83778540
1600; 640076; 1599; 84371995
1600; 637905; 1599; 84435763
1600; 652753; 1599; 90565797
1600; 626414; 1599; 93657346
1600; 651657; 1599; 90839019
1600; 636047; 1599; 83462031
1600; 661008; 1599; 84027559
1600; 646997; 1599; 84692693
1600; 630844; 1599; 80902963
1700; 727701; 1699; 95440502
1700; 728420; 1699; 94768850
1700; 735976; 1699; 96476138
1700; 715428; 1699; 92615659
1700; 739720; 1699; 96122393
1700; 700941; 1699; 94437447
1700; 718319; 1699; 96115875
1700; 725484; 1699; 94278727
1700; 739934; 1699; 106186448
1700; 725718; 1699; 95870116
1800; 803251; 1799; 105003263
1800; 798830; 1799; 103699060
1800; 802536; 1799; 104281809
1800; 830886; 1799; 107778767
1800; 797630; 1799; 104775190
1800; 794712; 1799; 115439217
1800; 789676; 1799; 103470521
1800; 808211; 1799; 105199685
1800; 787802; 1799; 108269822
1800; 822292; 1799; 112900629
1900; 903252; 1899; 119358343
1900; 889232; 1899; 118850998
1900; 913274; 1899; 125024785
1900; 883063; 1899; 115774344
1900; 900115; 1899; 121636277
1900; 923510; 1899; 125169076
1900; 907250; 1899; 119639012
1900; 908685; 1899; 117949878
1900; 895550; 1899; 120580161
1900; 898492; 1899; 118684831
2000; 972173; 1999; 124183244
2000; 990449; 1999; 127963665
2000; 1018659; 1999; 141201189
2000; 987080; 1999; 130089395
2000; 980873; 1999; 129346064
2000; 992142; 1999; 130715432
2000; 1001834; 1999; 131404304
2000; 999668; 1999; 130779664
2000; 1005649; 1999; 130100566
2000; 1008680; 1999; 132260275
2100; 1104398; 2099; 144304839
2100; 1112523; 2099; 146680518
2100; 1102731; 2099; 145090991
2100; 1083968; 2099; 142821436
2100; 1117810; 2099; 145811515
2100; 1130851; 2099; 145046774
2100; 1078934; 2099; 142230774
2100; 1110070; 2099; 145128228
2100; 1087552; 2099; 141038280
2100; 1112378; 2099; 146562758
2200; 1199607; 2199; 158516559
2200; 1197047; 2199; 152537332
2200; 1237813; 2199; 161136602
2200; 1215797; 2199; 167480746
2200; 1205189; 2199; 159295265
2200; 1247396; 2199; 163316326
2200; 1206905; 2199; 160869431
2200; 1196495; 2199; 157414363
2200; 1231301; 2199; 159160748
2200; 1208747; 2199; 158887992
2300; 1343604; 2299; 174587305
2300; 1315310; 2299; 169292761
2300; 1318822; 2299; 170810142
2300; 1311891; 2299; 170123597
2300; 1317346; 2299; 170302797
2300; 1342877; 2299; 176059072
2300; 1338315; 2299; 172918185
2300; 1304962; 2299; 169432862
2300; 1337632; 2299; 173612643
2300; 1343105; 2299; 171280251
2400; 1455096; 2399; 187028436
2400; 1409836; 2399; 185386779
2400; 1471524; 2399; 192062792
2400; 1460505; 2399; 186509920
2400; 1445973; 2399; 188008683
2400; 1436147; 2399; 182412525
2400; 1447798; 2399; 191837977
2400; 1439044; 2399; 186940000
2400; 1498485; 2399; 194355154
2400; 1453833; 2399; 188502996
2500; 1574032; 2499; 201787066
2500; 1562199; 2499; 208238264
2500; 1567716; 2499; 202194804
2500; 1571869; 2499; 207226832
2500; 1569742; 2499; 206438352
2500; 1557934; 2499; 201728419
2500; 1550550; 2499; 214606612
2500; 1583448; 2499; 211239049
2500; 1569135; 2499; 200983226
2500; 1569965; 2499; 202217611
2600; 1681294; 2599; 216189157
2600; 1673959; 2599; 239133734
2600; 1687023; 2599; 224817286
2600; 1658070; 2599; 211463398
2600; 1712247; 2599; 222906130
2600; 1692154; 2599; 221851410
2600; 1643009; 2599; 213036634
2600; 1692266; 2599; 219191338
2600; 1684378; 2599; 217073520
2600; 1714412; 2599; 224174958
2700; 1795747; 2699; 234773821
2700; 1802240; 2699; 233316484
2700; 1873949; 2699; 244621907
2700; 1834823; 2699; 236437822
2700; 1821502; 2699; 240986708
2700; 1831044; 2699; 236586767
2700; 1799094; 2699; 230629415
2700; 1822481; 2699; 238558432
2700; 1790775; 2699; 230937081
2700; 1855470; 2699; 242370038
2800; 1990346; 2799; 257288783
2800; 2011470; 2799; 262120200
2800; 1957999; 2799; 255294312
2800; 2017911; 2799; 266393538
2800; 1931191; 2799; 250437294
2800; 2001404; 2799; 262133234
2800; 1941877; 2799; 251459898
2800; 1954555; 2799; 253036857
2800; 1936539; 2799; 254098559
2800; 1975747; 2799; 257425162
2900; 2065546; 2899; 272180998
2900; 2088001; 2899; 269156010
2900; 2097533; 2899; 272858234
2900; 2106639; 2899; 275303732
2900; 2168137; 2899; 286064573
2900; 2100900; 2899; 273234322
2900; 2150946; 2899; 283268589
2900; 2076726; 2899; 268419661
2900; 2071300; 2899; 267290003
2900; 2105032; 2899; 270976403
3000; 2270342; 2999; 296048571
3000; 2291675; 2999; 302534679
3000; 2265472; 2999; 294535844
3000; 2243627; 2999; 287115104
3000; 2244570; 2999; 291287903
3000; 2310421; 2999; 297257821
3000; 2232193; 2999; 289673707
3000; 2231715; 2999; 290931365
3000; 2225013; 2999; 289947860
3000; 2240006; 2999; 287346434
3100; 2391744; 3099; 307023056
3100; 2391348; 3099; 312118851
3100; 2352022; 3099; 297863378
3100; 2414024; 3099; 308231841
3100; 2369473; 3099; 304967609
3100; 2443110; 3099; 317377090
3100; 2471307; 3099; 346448443
3100; 2372229; 3099; 312618749
3100; 2410390; 3099; 316009584
3100; 2452194; 3099; 313436553
3200; 2621026; 3199; 344672269
3200; 2573941; 3199; 340393812
3200; 2550591; 3199; 327197713
3200; 2622453; 3199; 340685187
3200; 2525230; 3199; 325499270
3200; 2563478; 3199; 329975545
3200; 2537897; 3199; 335235646
3200; 2556678; 3199; 342158815
3200; 2531291; 3199; 336550089
3200; 2552948; 3199; 330412141
3300; 2740815; 3299; 358156018
3300; 2729618; 3299; 353506129
3300; 2705369; 3299; 349316573
3300; 2732743; 3299; 355380513
3300; 2753451; 3299; 352094405
3300; 2733711; 3299; 377615738
3300; 2777258; 3299; 363666999
3300; 2719956; 3299; 348127802
3300; 2715665; 3299; 370388161
3300; 2724507; 3299; 355786390
3400; 2920213; 3399; 401911528
3400; 2904744; 3399; 406598189
3400; 2885562; 3399; 375372247
3400; 2910421; 3399; 382863737
3400; 2827054; 3399; 366325209
3400; 2933894; 3399; 379700508
3400; 2923504; 3399; 380655621
3400; 2869683; 3399; 371706328
3400; 2930545; 3399; 386025103
3400; 2872725; 3399; 372003288
3500; 3006919; 3499; 383629409
3500; 3072945; 3499; 397174599
3500; 3056981; 3499; 396521100
3500; 3015730; 3499; 390056403
3500; 3091593; 3499; 400885666
3500; 3061013; 3499; 400131630
3500; 3132712; 3499; 404011193
3500; 3013696; 3499; 393009712
3500; 3097703; 3499; 405617011
3500; 3023849; 3499; 384819576
3600; 3231863; 3599; 412504340
3600; 3211034; 3599; 422676847
3600; 3305445; 3599; 449675531
3600; 3264341; 3599; 411362581
3600; 3262107; 3599; 415380384
3600; 3219028; 3599; 413374275
3600; 3239794; 3599; 421792483
3600; 3273976; 3599; 419194782
3600; 3255723; 3599; 419205022
3600; 3260396; 3599; 418759117
3700; 3441897; 3699; 443649759
3700; 3449723; 3699; 446117598
3700; 3369877; 3699; 434887113
3700; 3469171; 3699; 466976939
3700; 3427881; 3699; 461349129
3700; 3363156; 3699; 437166909
3700; 3402468; 3699; 439188378
3700; 3471414; 3699; 447588899
3700; 3411189; 3699; 443397482
3700; 3399565; 3699; 448422993
3800; 3584701; 3799; 469573244
3800; 3624697; 3799; 470866276
3800; 3553186; 3799; 493357965
3800; 3582945; 3799; 461651674
3800; 3607573; 3799; 491337427
3800; 3670592; 3799; 490581995
3800; 3585589; 3799; 468379353
3800; 3653696; 3799; 466040445
3800; 3568392; 3799; 463152765
3800; 3673147; 3799; 477043787
3900; 3781455; 3899; 521669231
3900; 3812739; 3899; 494639362
3900; 3833855; 3899; 510836245
3900; 3788692; 3899; 486959363
3900; 3813135; 3899; 491599013
3900; 3839698; 3899; 491092133
3900; 3830153; 3899; 497844015
3900; 3828485; 3899; 489848439
3900; 3878354; 3899; 505079970
3900; 3794464; 3899; 494571404
4000; 3945803; 3999; 507006486
4000; 4001862; 3999; 511041976
4000; 4012085; 3999; 518132244
4000; 4040680; 3999; 522135151
4000; 3975545; 3999; 514924331
4000; 4036251; 3999; 520215617
4000; 3989406; 3999; 537033416
4000; 4028053; 3999; 517188301
4000; 3997057; 3999; 524929739
4000; 3941653; 3999; 507493816
4100; 4215135; 4099; 544535612
4100; 4242764; 4099; 550104773
4100; 4277445; 4099; 553893573
4100; 4166510; 4099; 548903436
4100; 4240169; 4099; 550631668
4100; 4199052; 4099; 547119814
4100; 4231446; 4099; 548173603
4100; 4158771; 4099; 535826494
4100; 4204430; 4099; 546315509
4100; 4255590; 4099; 544158594
4200; 4413895; 4199; 563490313
4200; 4406879; 4199; 564846646
4200; 4397180; 4199; 565466166
4200; 4384918; 4199; 561449760
4200; 4464757; 4199; 578790731
4200; 4447319; 4199; 576253539
4200; 4399452; 4199; 567071519
4200; 4449706; 4199; 577838411
4200; 4443315; 4199; 575549306
4200; 4449672; 4199; 567650079
4300; 4658643; 4299; 602167715
4300; 4716613; 4299; 621413790
4300; 4662320; 4299; 644447268
4300; 4585978; 4299; 593646640
4300; 4613671; 4299; 592772982
4300; 4687435; 4299; 603410477
4300; 4591063; 4299; 603538944
4300; 4590891; 4299; 588710031
4300; 4659298; 4299; 600287744
4300; 4641632; 4299; 602826332
4400; 4892982; 4399; 631293526
4400; 4776449; 4399; 622064961
4400; 4911548; 4399; 626262895
4400; 4836592; 4399; 628817308
4400; 4827008; 4399; 634570791
4400; 4924602; 4399; 635370907
4400; 4839149; 4399; 626361571
4400; 4889322; 4399; 633239591
4400; 4939511; 4399; 627908741
4400; 4898636; 4399; 633054806
4500; 4989902; 4499; 646209479
4500; 5104883; 4499; 680203478
4500; 5192028; 4499; 676650664
4500; 5063761; 4499; 645434497
4500; 5001601; 4499; 638283255
4500; 5089293; 4499; 654149201
4500; 5073450; 4499; 679545791
4500; 5001937; 4499; 671881618
4500; 5156730; 4499; 665469983
4500; 5045080; 4499; 691761642
4600; 5304591; 4599; 692842428
4600; 5349970; 4599; 696044289
4600; 5380014; 4599; 698799779
4600; 5307503; 4599; 685547361
4600; 5298624; 4599; 687792712
4600; 5357625; 4599; 765160549
4600; 5387211; 4599; 744719653
4600; 5354519; 4599; 731158637
4600; 5288668; 4599; 723594071
4600; 5237791; 4599; 699631546
4700; 5523538; 4699; 718163615
4700; 5564807; 4699; 711262787
4700; 5490737; 4699; 705303109
4700; 5456847; 4699; 711471776
4700; 5625228; 4699; 725974406
4700; 5558295; 4699; 719428720
4700; 5577610; 4699; 716300401
4700; 5524606; 4699; 710419384
4700; 5472177; 4699; 699449554
4700; 5523296; 4699; 720350785
4800; 5749841; 4799; 771610351
4800; 5735685; 4799; 738859581
4800; 5746360; 4799; 738572861
4800; 5775870; 4799; 743523434
4800; 5833590; 4799; 751574400
4800; 5655236; 4799; 730745314
4800; 5845518; 4799; 751149905
4800; 5726093; 4799; 745637994
4800; 5686865; 4799; 728548369
4800; 5700429; 4799; 745480205
4900; 6014789; 4899; 772778642
4900; 5988350; 4899; 771583355
4900; 6044525; 4899; 775235311
4900; 5975908; 4899; 782368400
4900; 6044301; 4899; 785195570
4900; 6043868; 4899; 784613752
4900; 6123551; 4899; 787769999
4900; 6058610; 4899; 780887789
4900; 6118524; 4899; 785852792
4900; 5911504; 4899; 761813001
5000; 6331433; 4999; 826118324
5000; 6211302; 4999; 808975637
5000; 6159718; 4999; 800827392
5000; 6324639; 4999; 809482052
5000; 6275914; 4999; 808368219
5000; 6293947; 4999; 808310503
5000; 6155500; 4999; 794149983
5000; 6222564; 4999; 808830881
5000; 6287609; 4999; 802791144
5000; 6175562; 4999; 805268293
5100; 6507946; 5099; 841438757
5100; 6611950; 5099; 852433722
5100; 6579502; 5099; 850991278
5100; 6560779; 5099; 843247047
5100; 6455878; 5099; 848299555
5100; 6562758; 5099; 850664529
5100; 6459764; 5099; 841306568
5100; 6401244; 5099; 825548143
5100; 6460631; 5099; 848090101
5100; 6629488; 5099; 848737082
5200; 6780038; 5199; 868529136
5200; 6817245; 5199; 872330503
5200; 6873222; 5199; 885691838
5200; 6890944; 5199; 888545073
5200; 6777841; 5199; 876543796
5200; 6689558; 5199; 854196863
5200; 6665627; 5199; 866961020
5200; 6726248; 5199; 871663972
5200; 6756327; 5199; 864677035
5200; 6796442; 5199; 872357964
5300; 7070296; 5299; 912687730
5300; 7123159; 5299; 914292616
5300; 7097911; 5299; 929334708
5300; 6953977; 5299; 895273683
5300; 6965751; 5299; 912282784
5300; 7079725; 5299; 926669515
5300; 6985044; 5299; 895080054
5300; 6957889; 5299; 918504048
5300; 7052033; 5299; 907331745
5300; 7005498; 5299; 902428182
5400; 7339108; 5399; 983265516
5400; 7379642; 5399; 969258596
5400; 7182666; 5399; 929887201
5400; 7301415; 5399; 938188582
5400; 7287397; 5399; 931859798
5400; 7314110; 5399; 948132085
5400; 7224954; 5399; 925676701
5400; 7306910; 5399; 938661018
5400; 7227800; 5399; 951293917
5400; 7374199; 5399; 949032274
5500; 7614876; 5499; 990603406
5500; 7632262; 5499; 989079043
5500; 7582532; 5499; 966821943
5500; 7475474; 5499; 963960329
5500; 7474530; 5499; 962242801
5500; 7636170; 5499; 981400441
5500; 7457944; 5499; 957227995
5500; 7430938; 5499; 966847076
5500; 7513028; 5499; 957426279
5500; 7602579; 5499; 972048530
5600; 7831428; 5599; 1012825597
5600; 7845543; 5599; 1018546032
5600; 7907504; 5599; 1028355950
5600; 7862808; 5599; 1006906879
5600; 7832285; 5599; 1010732913
5600; 7959164; 5599; 1017651894
5600; 7825055; 5599; 1014651575
5600; 7852715; 5599; 1008673278
5600; 7861365; 5599; 1003291694
5600; 7866710; 5599; 1007064668
5700; 8151026; 5699; 1065846909
5700; 8185302; 5699; 1058683564
5700; 8089780; 5699; 1043606565
5700; 8069776; 5699; 1041186201
5700; 8231314; 5699; 1109495364
5700; 8115853; 5699; 1149712023
5700; 8118716; 5699; 1036185824
5700; 8094518; 5699; 1036961271
5700; 8153601; 5699; 1052993384
5700; 8194089; 5699; 1066034952
5800; 8390194; 5799; 1094047396
5800; 8501743; 5799; 1078985756
5800; 8408236; 5799; 1085153493
5800; 8298226; 5799; 1066889526
5800; 8551101; 5799; 1115185544
5800; 8428237; 5799; 1080444490
5800; 8443061; 5799; 1097304181
5800; 8407465; 5799; 1085591951
5800; 8507511; 5799; 1100277504
5800; 8351446; 5799; 1080131705
5900; 8752025; 5899; 1128758196
5900; 8767789; 5899; 1135287590
5900; 8744144; 5899; 1157747628
5900; 8770470; 5899; 1226991423
5900; 8710493; 5899; 1125806283
5900; 8707276; 5899; 1116728060
5900; 8726142; 5899; 1152402815
5900; 8656765; 5899; 1130613962
5900; 8786956; 5899; 1149326627
5900; 8782696; 5899; 1129465686
6000; 8833785; 5999; 1143642032
6000; 8949276; 5999; 1153426815
6000; 9035070; 5999; 1183832626
6000; 9006691; 5999; 1170348411
6000; 9041691; 5999; 1156364298
6000; 8969470; 5999; 1149200489
6000; 9031788; 5999; 1172136688
6000; 8966365; 5999; 1179766882
6000; 9138509; 5999; 1179718940
6000; 9040272; 5999; 1169848979
6100; 9210946; 6099; 1181988496
6100; 9367803; 6099; 1202299066
6100; 9276678; 6099; 1202523880
6100; 9292665; 6099; 1194121496
6100; 9402104; 6099; 1212256533
6100; 9285012; 6099; 1199606877
6100; 9340579; 6099; 1197612870
6100; 9090308; 6099; 1157621491
6100; 9267022; 6099; 1191806326
6100; 9337388; 6099; 1191379039
6200; 9766829; 6199; 1271241246
6200; 9612277; 6199; 1224032529
6200; 9648782; 6199; 1242390518
6200; 9654804; 6199; 1247530997
6200; 9532721; 6199; 1233980687
6200; 9591467; 6199; 1226281140
6200; 9571408; 6199; 1230839801
6200; 9564598; 6199; 1236299116
6200; 9749671; 6199; 1275849711
6200; 9511249; 6199; 1220043585
6300; 9888747; 6299; 1273801246
6300; 9919741; 6299; 1283278829
6300; 10179896; 6299; 1297714433
6300; 9952197; 6299; 1281565025
6300; 9906089; 6299; 1262977103
6300; 10019955; 6299; 1294175117
6300; 9914291; 6299; 1278488837
6300; 10036273; 6299; 1738820483
6300; 10068020; 6299; 1468257869
6300; 9824252; 6299; 1404637229
6400; 10231195; 6399; 1348532283
6400; 10339136; 6399; 1647441537
6400; 10129834; 6399; 1325657990
6400; 10160446; 6399; 1373043113
6400; 10208827; 6399; 1526938641
6400; 10246317; 6399; 1338853623
6400; 10191877; 6399; 1416801881
6400; 10157915; 6399; 1308042866
6400; 10271931; 6399; 1331374236
6400; 10214222; 6399; 1311378313
6500; 10520617; 6499; 1353420951
6500; 10444405; 6499; 1331208533
6500; 10607424; 6499; 1359953603
6500; 10564796; 6499; 1470228603
6500; 10615952; 6499; 1428810605
6500; 10610710; 6499; 1392809567
6500; 10564477; 6499; 1349497635
6500; 10493299; 6499; 1364155261
6500; 10520351; 6499; 1449347386
6500; 10530410; 6499; 1469973534
6600; 10814041; 6599; 1400605928
6600; 10740412; 6599; 1385307372
6600; 10787651; 6599; 1388254164
6600; 11052664; 6599; 1411475220
6600; 11048054; 6599; 1430107827
6600; 10838918; 6599; 1398850700
6600; 10995139; 6599; 1423026869
6600; 10869041; 6599; 1411164297
6600; 10626191; 6599; 1374085266
6600; 10693944; 6599; 1382361977
6700; 11197329; 6699; 1442218486
6700; 11123711; 6699; 1438847666
6700; 11190047; 6699; 1445654936
6700; 11187225; 6699; 1441019010
6700; 11264824; 6699; 1449297583
6700; 11353589; 6699; 1451505233
6700; 11262676; 6699; 1450469132
6700; 11280186; 6699; 1450572462
6700; 11156667; 6699; 1441723708
6700; 11309707; 6699; 1459082366
6800; 11630050; 6799; 1488518635
6800; 11528675; 6799; 1496962909
6800; 11625149; 6799; 1506648086
6800; 11602487; 6799; 1496844219
6800; 11507603; 6799; 1497433484
6800; 11601044; 6799; 1497905920
6800; 11619059; 6799; 1489749763
6800; 11610978; 6799; 1491985340
6800; 11469563; 6799; 1508529453
6800; 11528778; 6799; 1470837418
6900; 11822681; 6899; 1512634761
6900; 11856724; 6899; 1547661138
6900; 12053899; 6899; 1958023457
6900; 12034061; 6899; 1595221738
6900; 11987895; 6899; 1595037883
6900; 11882155; 6899; 1558860903
6900; 11773508; 6899; 1807868786
6900; 11871758; 6899; 1555186606
6900; 11997742; 6899; 1550216483
6900; 11942841; 6899; 1549227858
7000; 12080879; 6999; 1571317394
7000; 12139098; 6999; 1566384043
7000; 12319073; 6999; 1587861041
7000; 12215165; 6999; 1572887372
7000; 12179792; 6999; 1581622556
7000; 12214166; 6999; 1575355212
7000; 12364892; 6999; 1583341945
7000; 12203315; 6999; 1681072016
7000; 12059914; 6999; 1562812145
7000; 12297012; 6999; 1575196957
7100; 12655086; 7099; 1646685639
7100; 12483326; 7099; 1606041691
7100; 12557735; 7099; 1616435289
7100; 12641114; 7099; 1615605849
7100; 12635928; 7099; 1618986445
7100; 12565098; 7099; 1611802621
7100; 12469482; 7099; 1609933822
7100; 12615115; 7099; 1688476930
7100; 12727711; 7099; 1612865253
7100; 12492193; 7099; 1609274273
7200; 13148012; 7199; 1706748810
7200; 12947752; 7199; 1655651222
7200; 13052098; 7199; 1667945735
7200; 12788572; 7199; 1638466179
7200; 12850493; 7199; 1659213810
7200; 13043187; 7199; 1776089884
7200; 12761112; 7199; 1648098758
7200; 12919672; 7199; 1651519383
7200; 12983218; 7199; 1660223381
7200; 13013859; 7199; 1687428727
7300; 13337306; 7299; 1719633520
7300; 13254908; 7299; 1717623222
7300; 13366210; 7299; 1709501508
7300; 13254750; 7299; 1711749652
7300; 13239514; 7299; 1709002075
7300; 13316899; 7299; 1720386159
7300; 13266835; 7299; 1720300050
7300; 13494604; 7299; 1735077298
7300; 13379762; 7299; 1715696241
7300; 13454208; 7299; 1724124690
7400; 13593675; 7399; 1751420334
7400; 13670817; 7399; 1761596565
7400; 13863938; 7399; 1787315715
7400; 13694347; 7399; 1770519326
7400; 13676103; 7399; 1787232864
7400; 13767783; 7399; 1768594672
7400; 13790213; 7399; 1778376663
7400; 13854069; 7399; 1782466145
7400; 13741807; 7399; 1776373346
7400; 13605931; 7399; 1753212800
7500; 14059797; 7499; 1830108200
7500; 14229210; 7499; 1825740375
7500; 14042140; 7499; 1815522254
7500; 13984303; 7499; 1792127118
7500; 14248919; 7499; 1835271486
7500; 13942480; 7499; 1800148759
7500; 14088529; 7499; 1826197452
7500; 13983376; 7499; 1811075303
7500; 14139432; 7499; 1809171594
7500; 14134743; 7499; 1825619357
7600; 14422478; 7599; 1855954885
7600; 14326171; 7599; 1832210657
7600; 14226858; 7599; 1821158907
7600; 14428636; 7599; 1850550959
7600; 14433822; 7599; 1905492269
7600; 14356427; 7599; 1844766291
7600; 14557717; 7599; 1866139493
7600; 14488502; 7599; 1902579455
7600; 14493054; 7599; 1891173029
7600; 14526830; 7599; 1865214169
7700; 14709310; 7699; 1899213755
7700; 14933573; 7699; 1915190943
7700; 14783295; 7699; 1890701990
7700; 14884658; 7699; 1921153414
7700; 14815137; 7699; 1893724650
7700; 14751396; 7699; 1890321713
7700; 14846054; 7699; 1915385503
7700; 14841699; 7699; 1916203307
7700; 14632766; 7699; 1919437284
7700; 14631976; 7699; 1873845091
7800; 15206389; 7799; 1989229850
7800; 15251944; 7799; 1968591600
7800; 15155023; 7799; 1941059039
7800; 15096619; 7799; 1935689091
7800; 15288249; 7799; 1977175045
7800; 15106862; 7799; 1984009313
7800; 15157743; 7799; 1955753901
7800; 15244763; 7799; -2020596334
7800; 15132700; 7799; 1941861017
7800; 15107383; 7799; 1941464915
7900; 15590234; 7899; 2013109059
7900; 15635649; 7899; 2026881390
7900; 15527850; 7899; 2003585395
7900; 15474396; 7899; 2000095883
7900; 15827694; 7899; 2039194987
7900; 15575576; 7899; 2003646370
7900; 15526656; 7899; 2017139428
7900; 15563369; 7899; 1989800497
7900; 15883141; 7899; 2048302534
7900; 15697905; 7899; 2016638135
8000; 16068735; 7999; 2067199985
8000; 15899212; 7999; 2046960629
8000; 15916989; 7999; 2041112659
8000; 16154553; 7999; 2063023462
8000; 16011996; 7999; 2053914053
8000; 16069404; 7999; 2069517017
8000; 16123607; 7999; 2081872970
8000; 15745990; 7999; 2047316237
8000; 15966639; 7999; 2041642813
8000; 15968187; 7999; 2051184628
8100; 16316125; 8099; 2073475707
8100; 16397251; 8099; 2105975132
8100; 16374330; 8099; 2102597329
8100; 16407560; 8099; 2102923147
8100; 16514245; 8099; 2134664347
8100; 16383619; 8099; 2105712150
8100; 16488184; 8099; 2108777167
8100; 16446986; 8099; 2114200643
8100; 16414255; 8099; 2102462347
8100; 16434124; 8099; 2122999593
8200; 16892807; 8199; -2114082858
8200; 16923808; 8199; -2132036832
8200; 16750356; 8199; -2146133119
8200; 16739954; 8199; -2141009863
8200; 16833373; 8199; -2140572801
8200; 16708743; 8199; -2139283493
8200; 16751998; 8199; -2130863422
8200; 16973749; 8199; -2103679020
8200; 16706974; 8199; -2147259054
8200; 16877581; 8199; -2127958054
8300; 17180902; 8299; -2063922695
8300; 17230769; 8299; -1915317057
8300; 17326494; 8299; -2051213927
8300; 17181425; 8299; -2084780640
8300; 17023166; 8299; -2100095487
8300; 17435523; 8299; -1926558247
8300; 17191204; 8299; -2073541776
8300; 17365494; 8299; -2081465207
8300; 17373818; 8299; -2059586057
8300; 17302360; 8299; -2076115740
8400; 17850463; 8399; -2008327886
8400; 17668830; 8399; -2002683320
8400; 17599026; 8399; -2033906004
8400; 17833917; 8399; -2002636775
8400; 17814833; 8399; -2006153283
8400; 17804069; 8399; -2004526520
8400; 17669706; 8399; -2002057284
8400; 17595873; 8399; -2036163924
8400; 17819125; 8399; -1986029360
8400; 17613558; 8399; -2026356798
8500; 18178746; 8499; -1880693763
8500; 18028645; 8499; -1924612182
8500; 17895642; 8499; -1991338799
8500; 17977829; 8499; -1972880738
8500; 18321618; 8499; -1929841563
8500; 17831747; 8499; -2006242650
8500; 17658116; 8499; -1999416761
8500; 18028928; 8499; -1975759108
8500; 18028954; 8499; -1964342908
8500; 18154275; 8499; -1947553501
8600; 18552543; 8599; -1932520719
8600; 18482792; 8599; -1909045058
8600; 18446627; 8599; -1921714263
8600; 18826782; 8599; -1846241756
8600; 18452624; 8599; -1918133987
8600; 18485137; 8599; -1926609447
8600; 18399397; 8599; -1923888866
8600; 18747862; 8599; -1869538682
8600; 18471193; 8599; -1909302920
8600; 18511563; 8599; -1924204444
8700; 18979423; 8699; -1840357482
8700; 18946371; 8699; -1789961334
8700; 19142831; 8699; -1848171996
8700; 18813024; 8699; -1866023570
8700; 18728520; 8699; -1885267784
8700; 18792720; 8699; -1880378651
8700; 18813812; 8699; -1861062292
8700; 18927231; 8699; -1858994277
8700; 18933854; 8699; -1855685827
8700; 18943019; 8699; -1849169465
8800; 19438498; 8799; -1800435455
8800; 19490404; 8799; -1800822713
8800; 19286235; 8799; -1769054517
8800; 19323804; 8799; -1806048836
8800; 19542206; 8799; -1779812565
8800; 19473533; 8799; -1775094254
8800; 19378231; 8799; -1796717870
8800; 19310455; 8799; -1815687001
8800; 19274657; 8799; -1819255174
8800; 19485539; 8799; -1759936729
8900; 20112700; 8899; -1709373948
8900; 19801356; 8899; -1725896184
8900; 19921137; 8899; -1725931094
8900; 19845351; 8899; -1756722301
8900; 19861374; 8899; -1739934756
8900; 19693869; 8899; -1745499264
8900; 19771891; 8899; -1758850825
8900; 19828423; 8899; -1761459697
8900; 19708894; 8899; -1781812157
8900; 19916107; 8899; -1750404223
9000; 20276213; 8999; -1669985798
9000; 20144550; 8999; -1689250491
9000; 20347932; 8999; -1671478045
9000; 20319260; 8999; -1659146760
9000; 20200928; 8999; -1683471875
9000; 20072626; 8999; -1730654060
9000; 20276229; 8999; -1690822796
9000; 20232542; 8999; -1680577214
9000; 20400590; 8999; -1650396217
9000; 20213862; 8999; -1681465766
9100; 20891767; 9099; -1615430814
9100; 20753508; 9099; -1629946942
9100; 20590164; 9099; -1672448517
9100; 20992399; 9099; -1564443539
9100; 20795669; 9099; -1615876254
9100; 20763107; 9099; -1626013387
9100; 20660229; 9099; -1630627902
9100; 20912999; 9099; -1615555556
9100; 20579338; 9099; -1632617254
9100; 20916436; 9099; -1595381830
9200; 21054663; 9199; -1601544447
9200; 20972714; 9199; -1573353733
9200; 21159290; 9199; -1569937298
9200; 21155405; 9199; -1588657409
9200; 21121801; 9199; -1594159547
9200; 21378669; 9199; -1542258584
9200; 21325744; 9199; -1577297063
9200; 20975189; 9199; -1628339262
9200; 21386298; 9199; -1554755570
9200; 21239160; 9199; -1570738810
9300; 21347359; 9299; -1550553913
9300; 21491561; 9299; -1532840114
9300; 21573551; 9299; -1500077706
9300; 21728688; 9299; -1506462810
9300; 21484329; 9299; -1551641215
9300; 21533718; 9299; -1534759182
9300; 21583150; 9299; -1538473509
9300; 21561829; 9299; -1496355933
9300; 21779909; 9299; -1499072325
9300; 21799338; 9299; -1492956253
9400; 22098066; 9399; -1444911115
9400; 21954311; 9399; -1452840132
9400; 21840803; 9399; -1491559425
9400; 22201702; 9399; -1426336225
9400; 22131648; 9399; -1459578982
9400; 22274119; 9399; -1394593163
9400; 22296054; 9399; -1363224793
9400; 22193080; 9399; -1456098313
9400; 22151475; 9399; -1443435159
9400; 22119869; 9399; -1466718122
9500; 22466292; 9499; -1409396477
9500; 22332440; 9499; -1432423438
9500; 22437697; 9499; -1407894920
9500; 22564191; 9499; -1424600080
9500; 22711784; 9499; -1389624903
9500; 22807072; 9499; -1370797736
9500; 22632021; 9499; -1394860334
9500; 22305997; 9499; -1410457713
9500; 22470624; 9499; -1412423326
9500; 23054964; 9499; -1334746894
9600; 22966332; 9599; -1359371761
9600; 23177229; 9599; -1284942338
9600; 22803640; 9599; -1367641490
9600; 22906452; 9599; -1361686465
9600; 23043230; 9599; -1307968834
9600; 22918860; 9599; -1338506835
9600; 23281453; 9599; -1315579014
9600; 22917848; 9599; -1356120096
9600; 23309671; 9599; -1246842100
9600; 23365428; 9599; -1296037841
9700; 23333137; 9699; -1306416079
9700; 23375337; 9699; -1277547199
9700; 23219753; 9699; -1319140206
9700; 23246785; 9699; -1318507188
9700; 23395584; 9699; -1290785653
9700; 23575749; 9699; -1272818647
9700; 23559975; 9699; -1275850152
9700; 23339696; 9699; -1296452561
9700; 23298454; 9699; -1300181782
9700; 23358213; 9699; -1289345537
9800; 23912293; 9799; -1243734261
9800; 24106429; 9799; -1194694446
9800; 24290902; 9799; -1169461697
9800; 24230592; 9799; -1195811071
9800; 23837381; 9799; -1241173796
9800; 23803851; 9799; -1207533542
9800; 23690263; 9799; -1072128657
9800; 24084411; 9799; -1194459858
9800; 24205608; 9799; -1180965403
9800; 23934616; 9799; -1231831194
9900; 24664285; 9899; -1140766895
9900; 24384306; 9899; -1168264082
9900; 24190116; 9899; -1184592689
9900; 24409737; 9899; -1074768249
9900; 24307018; 9899; -1166614976
9900; 24469652; 9899; -1148454341
9900; 24500799; 9899; -1167624082
9900; 24770096; 9899; -1114033054
9900; 24528546; 9899; -1126870288
9900; 24797164; 9899; -1114146625
10000; 25008185; 9999; -1081504771
10000; 24875100; 9999; -1092392216
10000; 25261192; 9999; -1063933866
10000; 25070173; 9999; -1010382868
10000; 24639015; 9999; -1129320905
10000; 24814572; 9999; -1097784505
10000; 25427710; 9999; -1037532825
10000; 25150737; 9999; -1061924500
10000; 25152085; 9999; -1057354203
10000; 24850977; 9999; -1094987124
